63
5961.8438 0.694 -223 177 -128 176
5961.8735 0.719 93 171 -31 168
5966.8317 0.798 143 216 15 216
5966.8614 0.822 213 246 -111 249
5966.8916 0.847 453 199 187 200
5966.9233 0.873 321 194 31 195
5967.7533 0.556 -170 257 -4 256
5967.7829 0.580 -979 206 233 207
5969.7306 0.183 205 169 28 171
5969.7603 0.207 279 168 45 167
5969.7904 0.232 261 166 -14 166
5969.8201 0.256 196 168 -65 166
6000.4172 0.429 -1077 255 281 257
6001.3654 0.209 -41 235 -83 237
6010.3588 0.608 -47 420 65 420
6012.3442 0.241 67 207 -7 207
6196.0691 0.391 -251 151 -317 150
6196.1129 0.427 -722 151 244 150
6198.0722 0.039 444 161 -83 162
6198.1159 0.075 174 165 -194 166
6199.0600 0.852 539 169 -285 169
6199.1044 0.889 661 159 -201 159
6202.0790 0.336 -354 174 -29 176
6202.1232 0.372 -576 165 211 166
6261.1027 0.895 637 250 -27 249
6261.1488 0.932 422 209 -54 213
6262.0052 0.637 -758 290 137 290
6262.0747 0.694 -355 309 -364 314
6262.1200 0.731 -247 347 -735 343
6264.1052 0.365 172 595 -1608 599
6264.1498 0.401 -568 907 -195 919
6272.0983 0.941 94 186 -229 186
6272.1423 0.977 355 181 187 182
6282.9073 0.833 376 153 -242 152
6282.9651 0.881 700 255 323 252
6284.0940 0.809 -197 174 -77 173
6284.1383 0.846 450 189 58 187
6288.0983 0.104 273 312 363 314
6289.0829 0.914 120 180 137 181
6289.1265 0.950 682 203 38 201
6289.9604 0.636 -266 152 -114 153
6290.0040 0.672 93 156 -133 155
6343.8555 0.975 159 180 23 180
6351.8432 0.547 -456 247 140 246
6351.8641 0.564 -454 235 -90 238
6351.8858 0.582 -590 232 89 232
6351.9067 0.599 -572 236 -179 237
6352.8871 0.406 -368 242 446 244
6352.9080 0.423 -431 268 282 271
6352.9292 0.440 -482 283 -38 281
6352.9501 0.457 -676 299 229 295
6353.8794 0.222 242 302 -744 302
6353.9003 0.239 703 333 -162 335
6353.9217 0.257 664 350 51 349
6353.9426 0.274 247 429 254 423
6354.7202 0.914 248 247 199 248
6354.7411 0.931 481 272 -204 273
6354.7629 0.949 1014 300 191 298
6354.7838 0.966 523 308 -243 315
6355.8654 0.856 92 288 448 286
6355.8863 0.873 714 328 835 322
6355.9085 0.891 821 308 120 306
6355.9294 0.908 500 368 -496 370
