63
-0.27968421052631587
-0.25468421052631585
-0.17568421052631578
-0.15168421052631587
-0.12668421052631584
-0.10068421052631582
-0.41768421052631577
-0.39368421052631586
0.20931578947368418
0.23331578947368417
0.25831578947368417
0.2823157894736842
0.4553157894736842
0.23531578947368417
-0.36568421052631583
0.2673157894736842
0.4173157894736842
0.45331578947368417
0.06531578947368419
0.10131578947368418
-0.12168421052631584
-0.0846842105263158
0.3623157894736842
0.3983157894736842
-0.0786842105263158
-0.04168421052631577
-0.3366842105263158
-0.27968421052631587
-0.24268421052631584
0.3913157894736842
0.4273157894736842
-0.03268421052631587
0.003315789473684161
-0.14068421052631586
-0.09268421052631581
-0.16468421052631577
-0.12768421052631584
0.13031578947368416
-0.059684210526315784
-0.023684210526315863
-0.3376842105263158
-0.3016842105263158
0.001315789473684159
-0.4266842105263158
-0.4096842105263159
-0.39168421052631586
-0.37468421052631584
0.4323157894736842
0.44931578947368417
0.4663157894736842
0.4833157894736842
0.24831578947368418
0.26531578947368417
0.2833157894736842
0.3003157894736842
-0.059684210526315784
-0.04268421052631577
-0.024684210526315864
-0.007684210526315849
-0.11768421052631584
-0.10068421052631582
-0.0826842105263158
-0.06568421052631579